PRODUTTORE	79 434 259 456	1901 2690	3.png
ALSTOM	314 434 421 454	1901 2690	3.png
FERROVIA	434 434 561 454	1901 2690	3.png
SPA	571 434 618 454	1901 2690	3.png
Unit.	79 527 140 549	1901 2690	3.png
Loc.	151 528 199 550	1901 2690	3.png
FIRENZE	316 529 418 548	1901 2690	3.png
-	429 540 435 541	1901 2690	3.png
Via	445 528 482 548	1901 2690	3.png
del	494 527 530 548	1901 2690	3.png
Romito	543 528 632 548	1901 2690	3.png
7	643 529 655 548	1901 2690	3.png
50134	674 528 752 548	1901 2690	3.png
FIRENZE	763 529 865 548	1901 2690	3.png
(FI)	877 527 914 553	1901 2690	3.png
Referente	79 621 206 642	1901 2690	3.png
Luca	316 622 370 645	1901 2690	3.png
Spadi	389 620 456 650	1901 2690	3.png
Telefono	77 683 192 704	1901 2690	3.png
3423261346	323 684 481 704	1901 2690	3.png
Data	79 747 136 766	1901 2690	3.png
Richiesta	149 745 263 766	1901 2690	3.png
20/01/2022	336 744 486 771	1901 2690	3.png
Orario	540 746 622 766	1901 2690	3.png
richiesta	633 745 741 766	1901 2690	3.png
09:00	834 746 905 766	1901 2690	3.png

PRODUTTORE	79 434 258 454	1901 2690	1.png
SPAZIO	315 434 405 454	1901 2690	1.png
SOC	416 434 466 454	1901 2690	1.png
COOP	476 434 548 454	1901 2690	1.png
Unit.	79 527 140 549	1901 2690	1.png
Loc.	151 528 199 550	1901 2690	1.png
Via	314 528 351 548	1901 2690	1.png
S.	360 523 397 556	1901 2690	1.png
Agostino,	392 528 511 554	1901 2690	1.png
2	523 528 535 548	1901 2690	1.png
51100	546 528 624 548	1901 2690	1.png
PISTOIA	636 528 734 548	1901 2690	1.png
(PT)	745 527 791 553	1901 2690	1.png
Referente	79 621 206 642	1901 2690	1.png
MICHELE	316 622 428 643	1901 2690	1.png
.	440 640 443 643	1901 2690	1.png
Telefono	77 683 192 704	1901 2690	1.png
3395833947	315 684 473 704	1901 2690	1.png
Data	79 747 136 766	1901 2690	1.png
Richiesta	149 745 263 766	1901 2690	1.png
19/01/2022	337 744 486 771	1901 2690	1.png
Orario	540 746 622 766	1901 2690	1.png
richiesta	633 745 741 766	1901 2690	1.png
10:00	836 746 905 766	1901 2690	1.png

PRODUTTORE	79 434 259 456	1901 2690	2.png
ALSTOM	314 434 421 454	1901 2690	2.png
FERROVIA	434 434 561 454	1901 2690	2.png
SPA	571 434 618 454	1901 2690	2.png
Unit.	79 527 139 549	1901 2690	2.png
Loc.	151 528 199 550	1901 2690	2.png
FIRENZE	316 529 418 548	1901 2690	2.png
-	429 540 435 541	1901 2690	2.png
Via	445 528 482 548	1901 2690	2.png
del	494 527 529 548	1901 2690	2.png
Romito	543 528 632 548	1901 2690	2.png
7	643 529 655 548	1901 2690	2.png
50134	674 529 752 548	1901 2690	2.png
FIRENZE	763 529 865 548	1901 2690	2.png
(FI)	877 527 914 553	1901 2690	2.png
Referente	79 621 206 642	1901 2690	2.png
DONATO	316 621 428 644	1901 2690	2.png
.	440 639 442 642	1901 2690	2.png
07984290010	1252 622 1427 642	1901 2690	2.png
Telefono	77 683 192 704	1901 2690	2.png
3497278444	315 684 474 704	1901 2690	2.png
Data	79 747 136 766	1901 2690	2.png
Richiesta	149 745 263 766	1901 2690	2.png
17/02/2022	337 744 486 770	1901 2690	2.png
Orario	540 746 622 766	1901 2690	2.png
richiesta	633 745 741 766	1901 2690	2.png
10:00	836 746 905 766	1901 2690	2.png

